1 1 5 A_724~A_728     0.0000
1 2 6 A_725~A_729     0.0000
1 3 7 A_726~A_730     0.0000
1 4 8 A_727~A_731     0.0000
1 5 9 A_728~A_732     0.0000
1 6 10 A_729~A_733     0.0000
1 7 11 A_730~A_734     0.0000
1 8 12 A_731~A_735     0.0000
1 9 13 A_732~A_736     0.0000
1 10 14 A_733~A_737     0.0000
1 11 15 A_734~A_738     0.0000
1 12 16 A_735~A_739     0.0000
1 13 17 A_736~A_740     0.0000
1 14 18 A_737~A_741     0.0000
1 15 19 A_738~A_742     0.0000
1 16 20 A_739~A_743     0.0000
1 17 21 A_740~A_744     0.0000
1 18 22 A_741~A_745     0.0000
1 19 23 A_742~A_746     0.0000
1 20 24 A_743~A_747     0.0000
1 21 25 A_744~A_748     0.0000
1 22 26 A_745~A_749     0.0000
1 23 27 A_746~A_750     0.0000
1 24 28 A_747~A_751     0.0000
1 25 29 A_748~A_752     0.0000
1 26 30 A_749~A_753     0.0000
1 27 31 A_750~A_754     0.0000
1 28 32 A_751~A_755     -0.0099
1 29 33 A_752~A_756     -0.0099
1 30 34 A_753~A_757     -0.0135
1 31 35 A_754~A_758     -0.6350
1 32 36 A_755~A_759     -0.6388
1 33 37 A_756~A_760     -0.6289
1 34 38 A_757~A_761     -0.6289
1 35 39 A_758~A_762     -0.8865
1 36 40 A_759~A_763     -0.2650
1 37 41 A_760~A_764     -0.2612
1 38 42 A_761~A_765     -0.2627
1 39 43 A_762~A_766     -0.2627
1 40 44 A_763~A_767     -0.0015
1 41 45 A_764~A_768     -0.0015
1 42 46 A_765~A_769     -0.0015
1 43 47 A_766~A_770     0.0000
1 44 48 A_767~A_771     0.0000
1 45 49 A_768~A_772     0.0000
1 46 50 A_769~A_773     0.0000
1 47 51 A_770~A_774     0.0000
1 48 52 A_771~A_775     0.0000
1 49 53 A_772~A_776     0.0000
1 50 54 A_773~A_777     0.0000
1 51 55 A_774~A_778     0.0000
1 52 56 A_775~A_779     0.0000
1 53 57 A_776~A_780     0.0000
1 54 58 A_777~A_781     0.0000
1 55 59 A_778~A_782     0.0000
1 56 60 A_779~A_783     0.0000
1 57 61 A_780~A_784     0.0000
1 58 62 A_781~A_785     0.0000
1 59 63 A_782~A_786     -0.1067
1 60 64 A_783~A_787     -0.1067
1 61 65 A_784~A_788     -0.1067
1 62 66 A_785~A_789     -0.1945
1 63 67 A_786~A_790     -0.1945
1 64 68 A_787~A_791     -0.0878
1 65 69 A_788~A_792     -0.1209
1 66 70 A_789~A_793     -0.1278
1 67 71 A_790~A_794     -0.0400
1 68 72 A_791~A_795     -0.0400
1 69 73 A_792~A_796     -0.0400
1 70 74 A_793~A_797     -0.0069
1 71 75 A_794~A_798     0.0000
1 72 76 A_795~A_799     0.0000
1 73 77 A_796~A_800     0.0000
1 74 78 A_797~A_801     0.0000
1 75 79 A_798~A_802     0.0000
1 76 80 A_799~A_803     0.0000
1 77 81 A_800~A_804     0.0000
1 78 82 A_801~A_805     0.0000
1 79 83 A_802~A_806     0.0000
1 80 84 A_803~A_807     0.0000
1 81 85 A_804~A_808     0.0000
1 82 86 A_805~A_809     0.0000
1 83 87 A_806~A_810     0.0000
1 84 88 A_807~A_811     0.0000
1 85 89 A_808~A_812     0.0000
1 86 90 A_809~A_813     0.0000
1 87 91 A_810~A_814     0.0000
1 88 92 A_811~A_815     0.0000
1 89 93 A_812~A_816     0.0000
1 90 94 A_813~A_817     0.0000
1 91 95 A_814~A_818     0.0000
1 92 96 A_815~A_819     0.0000
1 93 97 A_816~A_820     -1.0385
1 94 98 A_817~A_821     -2.7989
1 95 99 A_818~A_822     -2.8037
1 96 100 A_819~A_823     -2.8037
1 97 101 A_820~A_824     -2.8037
1 98 102 A_821~A_825     -1.7652
1 99 103 A_822~A_826     -0.0049
1 100 104 A_823~A_827     0.0000
1 101 105 A_824~A_828     0.0000
1 102 106 A_825~A_829     0.0000
1 103 107 A_826~A_830     0.0000
1 104 108 A_827~A_831     0.0000
1 105 109 A_828~A_832     0.0000
1 106 110 A_829~A_833     0.0000
1 107 111 A_830~A_834     0.0000
1 108 112 A_831~A_835     0.0000
1 109 113 A_832~A_836     0.0000
1 110 114 A_833~A_837     0.0000
1 111 115 A_834~A_838     0.0000
1 112 116 A_835~A_839     0.0000
1 113 117 A_836~A_840     0.0000
1 114 118 A_837~A_841     0.0000
1 115 119 A_838~A_842     0.0000
1 116 120 A_839~A_843     0.0000
1 117 121 A_840~A_844     0.0000
1 118 122 A_841~A_845     0.0000
1 119 123 A_842~A_846     0.0000
1 120 124 A_843~A_847     0.0000
1 121 125 A_844~A_848     0.0000
1 122 126 A_845~A_849     -0.0188
1 123 127 A_846~A_850     -0.5397
1 124 128 A_847~A_851     -2.6183
1 125 129 A_848~A_852     -4.4908
1 126 130 A_849~A_853     -6.8325
1 127 131 A_850~A_854     -6.9480
1 128 132 A_851~A_855     -6.4402
1 129 133 A_852~A_856     -4.6168
1 130 134 A_853~A_857     -2.8000
1 131 135 A_854~A_858     -0.4776
1 132 136 A_855~A_859     -0.8318
1 133 137 A_856~A_860     -1.6272
1 134 138 A_857~A_861     -1.3720
1 135 139 A_858~A_862     -1.4852
1 136 140 A_859~A_863     -2.5088
1 137 141 A_860~A_864     -2.0732
1 138 142 A_861~A_865     -1.2728
1 139 143 A_862~A_866     -1.8272
1 140 144 A_863~A_867     -1.6812
1 141 145 A_864~A_868     -0.6383
1 142 146 A_865~A_869     -0.5855
1 143 147 A_866~A_870     -0.5773
1 144 148 A_867~A_871     -0.0229
1 145 149 A_868~A_872     0.0000
1 146 150 A_869~A_873     0.0000
1 147 151 A_870~A_874     0.0000
1 148 152 A_871~A_875     -0.2511
1 149 153 A_872~A_876     -0.3138
1 150 154 A_873~A_877     -0.7288
1 151 155 A_874~A_878     -1.5945
1 152 156 A_875~A_879     -1.7481
1 153 157 A_876~A_880     -1.7834
1 154 158 A_877~A_881     -4.0037
1 155 159 A_878~A_882     -9.1663
1 156 160 A_879~A_883     -8.6022
1 157 161 A_880~A_884     -21.1861
1 158 162 A_881~A_885     -22.1107
1 159 163 A_882~A_886     -23.1162
1 160 164 A_883~A_887     -12.0640
1 161 165 A_884~A_888     -13.8685
1 162 166 A_885~A_889     -11.2009
1 163 167 A_886~A_890     -13.1714
1 164 168 A_887~A_891     -10.6404
1 165 169 A_888~A_892     -21.2179
1 166 170 A_889~A_893     -22.2115
1 167 171 A_890~A_894     -12.2535
1 168 172 A_891~A_895     -9.4430
1 169 173 A_892~A_896     -10.0832
1 170 174 A_893~A_897     -5.0329
1 171 175 A_894~A_898     -1.9332
1 172 176 A_895~A_899     -1.8213
1 173 177 A_896~A_900     -1.4504
1 174 178 A_897~A_901     -0.0526
1 175 179 A_898~A_902     0.0000
1 176 180 A_899~A_903     0.0000
1 177 181 A_900~A_904     0.0000
1 178 182 A_901~A_905     0.0000
1 179 183 A_902~A_906     0.0000
1 180 184 A_903~A_907     -0.0420
1 181 185 A_904~A_908     -4.4801
1 182 186 A_905~A_909     -4.6649
1 183 187 A_906~A_910     -4.9293
1 184 188 A_907~A_911     -13.9160
1 185 189 A_908~A_912     13.9300
1 186 190 A_909~A_913     15.0877
1 187 191 A_910~A_914     13.5893
1 188 192 A_911~A_915     9.3087
1 189 193 A_912~A_916     18.0924
1 190 194 A_913~A_917     -9.7115
1 191 195 A_914~A_918     -6.4312
1 192 196 A_915~A_919     -4.7480
1 193 197 A_916~A_920     -0.2029
1 194 198 A_917~A_921     0.0000
1 195 199 A_918~A_922     0.0000
1 196 200 A_919~A_923     0.0000
1 197 201 A_920~A_924     0.0000
1 198 202 A_921~A_925     0.0000
1 199 203 A_922~A_926     0.0000
1 200 204 A_923~A_927     0.0000
1 201 205 A_924~A_928     0.0000
1 202 206 A_925~A_929     0.0000
1 203 207 A_926~A_930     0.0000
1 204 208 A_927~A_931     0.0000
1 205 209 A_928~A_932     -0.0511
1 206 210 A_929~A_933     -0.2113
1 207 211 A_930~A_934     -0.6410
1 208 212 A_931~A_935     -1.4552
1 209 213 A_932~A_936     -9.2674
1 210 214 A_933~A_937     -15.5432
1 211 215 A_934~A_938     -18.2788
1 212 216 A_935~A_939     -17.9023
1 213 217 A_936~A_940     -19.1433
1 214 218 A_937~A_941     -20.3620
1 215 219 A_938~A_942     -14.0609
1 216 220 A_939~A_943     -11.1650
1 217 221 A_940~A_944     -11.1473
1 218 222 A_941~A_945     -10.0236
1 219 223 A_942~A_946     -0.9926
1 220 224 A_943~A_947     -0.9669
1 221 225 A_944~A_948     -0.9669
1 222 226 A_945~A_949     -7.4100
1 223 227 A_946~A_950     -6.5050
1 224 228 A_947~A_951     -6.5050
1 225 229 A_948~A_952     -6.5050
1 226 230 A_949~A_953     -6.5050
1 227 231 A_950~A_954     -0.0265
1 228 232 A_951~A_955     0.0000
1 229 233 A_952~A_956     0.0000
1 230 234 A_953~A_957     0.0000
1 231 235 A_954~A_958     0.0000
1 232 236 A_955~A_959     0.0000
1 233 237 A_956~A_960     0.0000
1 234 238 A_957~A_961     0.0000
1 235 239 A_958~A_962     0.0000
1 236 240 A_959~A_963     0.0000
1 237 241 A_960~A_964     0.0000
1 238 242 A_961~A_965     0.0000
1 239 243 A_962~A_966     -0.0050
1 240 244 A_963~A_967     -0.0050
1 241 245 A_964~A_968     -0.0050
1 242 246 A_965~A_969     -1.5993
1 243 247 A_966~A_970     -1.6377
1 244 248 A_967~A_971     -3.2147
1 245 249 A_968~A_972     -1.7809
1 246 250 A_969~A_973     -3.8065
1 247 251 A_970~A_974     -2.2889
1 248 252 A_971~A_975     -4.5329
1 249 253 A_972~A_976     -6.3663
1 250 254 A_973~A_977     -8.0841
1 251 255 A_974~A_978     -6.6687
1 252 256 A_975~A_979     -10.3835
1 253 257 A_976~A_980     -15.3669
1 254 258 A_977~A_981     -8.7052
1 255 259 A_978~A_982     -11.3024
1 256 260 A_979~A_983     -14.6203
1 257 261 A_980~A_984     -3.1601
1 258 262 A_981~A_985     3.9235
1 259 263 A_982~A_986     0.2581
1 260 264 A_983~A_987     7.4155
1 261 265 A_984~A_988     11.3436
1 262 266 A_985~A_989     3.6748
1 263 267 A_986~A_990     3.8570
1 264 268 A_987~A_991     4.2762
1 265 269 A_988~A_992     0.0000
1 266 270 A_989~A_993     0.0000
1 267 271 A_990~A_994     0.0000
1 268 272 A_991~A_995     0.0000
1 269 273 A_992~A_996     0.0000
1 270 274 A_993~A_997     0.0000
1 271 275 A_994~A_998     0.0000
1 272 276 A_995~A_999     0.0000
1 273 277 A_996~A1000     0.0000
1 274 278 A_997~A1001     0.0000
1 275 279 A_998~A1002     0.0000
1 276 280 A_999~A1003     0.0000
1 277 281 A1000~A1004     -0.2276
1 278 282 A1001~A1005     -0.2276
1 279 283 A1002~A1006     -0.2276
1 280 284 A1003~A1007     -0.4229
1 281 285 A1004~A1008     -4.0871
1 282 286 A1005~A1009     -3.8595
1 283 287 A1006~A1010     -6.6157
1 284 288 A1007~A1011     -9.7457
1 285 289 A1008~A1012     -9.5794
1 286 290 A1009~A1013     -5.9715
1 287 291 A1010~A1014     -9.0104
1 288 292 A1011~A1015     -9.1284
1 289 293 A1012~A1016     -8.5364
1 290 294 A1013~A1017     -21.3356
1 291 295 A1014~A1018     -31.7470
1 292 296 A1015~A1019     -29.0787
1 293 297 A1016~A1020     -23.1334
1 294 298 A1017~A1021     -21.0715
1 295 299 A1018~A1022     -8.7261
1 296 300 A1019~A1023     1.7416
1 297 301 A1020~A1024     2.1121
1 298 302 A1021~A1025     -0.9589
1 299 303 A1022~A1026     -0.4828
1 300 304 A1023~A1027     0.0000
1 301 305 A1024~A1028     0.0000
1 302 306 A1025~A1029     0.0000
1 303 307 A1026~A1030     0.0000
1 304 308 A1027~A1031     0.0000
1 305 309 A1028~A1032     0.0000
1 306 310 A1029~A1033     0.0000
1 307 311 A1030~A1034     0.0000
1 308 312 A1031~A1035     0.0000
1 309 313 A1032~A1036     0.3475
1 310 314 A1033~A1037     0.3070
1 311 315 A1034~A1038     1.7125
1 312 316 A1035~A1039     -4.0602
1 313 317 A1036~A1040     -4.2411
1 314 318 A1037~A1041     -5.7401
1 315 319 A1038~A1042     -8.0356
1 316 320 A1039~A1043     -9.6461
1 317 321 A1040~A1044     -3.9389
1 318 322 A1041~A1045     -8.9989
1 319 323 A1042~A1046     -27.9510
1 320 324 A1043~A1047     -25.6448
1 321 325 A1044~A1048     -24.7585
1 322 326 A1045~A1049     -24.7054
1 323 327 A1046~A1050     -19.4645
1 324 328 A1047~A1051     0.6391
1 325 329 A1048~A1052     0.6689
1 326 330 A1049~A1053     -0.0124
1 327 331 A1050~A1054     0.0000
1 328 332 A1051~A1055     0.0000
1 329 333 A1052~A1056     0.0000
1 330 334 A1053~A1057     0.0000
1 331 335 A1054~A1058     0.0000
1 332 336 A1055~A1059     0.0000
1 333 337 A1056~A1060     0.0000
1 334 338 A1057~A1061     0.0000
1 335 339 A1058~A1062     0.0000
1 336 340 A1059~A1063     0.0000
1 337 341 A1060~A1064     0.0000
1 338 342 A1061~A1065     0.0000
1 339 343 A1062~A1066     0.0000
1 340 344 A1063~A1067     -0.1593
1 341 345 A1064~A1068     -0.1593
1 342 346 A1065~A1069     -0.4375
1 343 347 A1066~A1070     -0.8897
1 344 348 A1067~A1071     -0.8897
1 345 349 A1068~A1072     -0.7304
1 346 350 A1069~A1073     -1.2146
1 347 351 A1070~A1074     -0.9470
1 348 352 A1071~A1075     -0.4949
1 349 353 A1072~A1076     -0.4949
1 350 354 A1073~A1077     -0.4949
1 351 355 A1074~A1078     -0.0106
1 352 356 A1075~A1079     0.0000
1 353 357 A1076~A1080     0.0000
1 354 358 A1077~A1081     0.0000
1 355 359 A1078~A1082     0.0000
1 356 360 A1079~A1083     0.0000
1 357 361 A1080~A1084     0.0000
1 358 362 A1081~A1085     0.0000
1 359 363 A1082~A1086     0.0000
1 360 364 A1083~A1087     0.0000
1 361 365 A1084~A1088     0.0000
1 362 366 A1085~A1089     0.0000
1 363 367 A1086~A1090     0.0000
1 364 368 A1087~A1091     0.0000
1 365 369 A1088~A1092     0.0000
1 366 370 A1089~A1093     -0.0187
1 367 371 A1090~A1094     -0.2461
1 368 372 A1091~A1095     -0.3363
1 369 373 A1092~A1096     -9.5953
1 370 374 A1093~A1097     -9.8829
1 371 375 A1094~A1098     -10.1802
1 372 376 A1095~A1099     -10.2026
1 373 377 A1096~A1100     -14.9261
1 374 378 A1097~A1101     -20.3479
1 375 379 A1098~A1102     -20.3745
1 376 380 A1099~A1103     -19.9940
1 377 381 A1100~A1104     -19.7442
1 378 382 A1101~A1105     -14.9305
1 379 383 A1102~A1106     -0.2497
1 380 384 A1103~A1107     0.0646
1 381 385 A1104~A1108     -0.1542
1 382 386 A1105~A1109     -0.1542
1 383 387 A1106~A1110     -0.1542
1 384 388 A1107~A1111     -0.1542
1 385 389 A1108~A1112     -0.1542
1 386 390 A1109~A1113     0.0000
1 387 391 A1110~A1114     0.0000
1 388 392 A1111~A1115     0.0000
1 389 393 A1112~A1116     0.0000
1 390 394 A1113~A1117     0.0000
1 391 395 A1114~A1118     0.0000
1 392 396 A1115~A1119     0.0000
1 393 397 A1116~A1120     0.0000
1 394 398 A1117~A1121     0.0000
1 395 399 A1118~A1122     0.0000
1 396 400 A1119~A1123     0.0000
1 397 401 A1120~A1124     0.0000
1 398 402 A1121~A1125     0.0000
1 399 403 A1122~A1126     0.0000
1 400 404 A1123~A1127     0.0000
1 401 405 A1124~A1128     0.0000
1 402 406 A1125~A1129     0.0000
1 403 407 A1126~A1130     0.0000
1 404 408 A1127~A1131     0.0000
1 405 409 A1128~A1132     0.0000
1 406 410 A1129~A1133     0.0000
1 407 411 A1130~A1134     0.0000
1 408 412 A1131~A1135     0.0000
1 409 413 A1132~A1136     0.0000
1 410 414 A1133~A1137     0.0000
1 411 415 A1134~A1138     0.0000
1 412 416 A1135~A1139     0.0000
1 413 417 A1136~A1140     0.0000
1 414 418 A1137~A1141     0.0000
1 415 419 A1138~A1142     0.0000
1 416 420 A1139~A1143     0.0000
1 417 421 A1140~A1144     0.0000
1 418 422 A1141~A1145     0.0000
1 419 423 A1142~A1146     0.0000
1 420 424 A1143~A1147     0.0000
1 421 425 A1144~A1148     0.0000
1 422 426 A1145~A1149     0.0000
1 423 427 A1146~A1150     0.0000
1 424 428 A1147~A1151     0.0000
1 425 429 A1148~A1152     0.0000
1 426 430 A1149~A1153     0.0000
1 427 431 A1150~A1154     0.0000
1 428 432 A1151~A1155     0.0000
1 429 433 A1152~A1156     0.0000
1 430 434 A1153~A1157     0.0000
1 431 435 A1154~A1158     0.0000
1 432 436 A1155~A1159     0.0000
1 433 437 A1156~A1160     0.0000
1 434 438 A1157~A1161     0.0000
1 435 439 A1158~A1162     -0.0051
1 436 440 A1159~A1163     -0.0051
1 437 441 A1160~A1164     -0.0160
1 438 442 A1161~A1165     -1.6290
1 439 443 A1162~A1166     -3.8987
1 440 444 A1163~A1167     -7.3276
1 441 445 A1164~A1168     -7.8424
1 442 446 A1165~A1169     -7.8332
1 443 447 A1166~A1170     -6.6040
1 444 448 A1167~A1171     -4.3394
1 445 449 A1168~A1172     -0.9053
1 446 450 A1169~A1173     -0.3906
1 447 451 A1170~A1174     -0.3889
1 448 452 A1171~A1175     -0.0051
1 449 453 A1172~A1176     0.0000
1 450 454 A1173~A1177     0.0000
1 451 455 A1174~A1178     0.0000
1 452 456 A1175~A1179     0.0000
1 453 457 A1176~A1180     0.0000
1 454 458 A1177~A1181     0.0000
1 455 459 A1178~A1182     0.0000
1 456 460 A1179~A1183     -0.1434
1 457 461 A1180~A1184     -1.2579
1 458 462 A1181~A1185     -1.3595
1 459 463 A1182~A1186     -1.3595
1 460 464 A1183~A1187     -2.0200
1 461 465 A1184~A1188     -5.8478
1 462 466 A1185~A1189     -4.7334
1 463 467 A1186~A1190     -5.2105
1 464 468 A1187~A1191     -5.6435
1 465 469 A1188~A1192     -5.2713
1 466 470 A1189~A1193     -4.0942
1 467 471 A1190~A1194     -1.8857
1 468 472 A1191~A1195     -8.6203
1 469 473 A1192~A1196     -10.7403
1 470 474 A1193~A1197     -10.8529
1 471 475 A1194~A1198     -9.3709
1 472 476 A1195~A1199     -11.5794
1 473 477 A1196~A1200     -4.2660
1 474 478 A1197~A1201     -1.7130
1 475 479 A1198~A1202     -1.3122
1 476 480 A1199~A1203     0.0000
1 477 481 A1200~A1204     0.0000
1 478 482 A1201~A1205     0.0000
1 479 483 A1202~A1206     0.0000
1 480 484 A1203~A1207     0.0000
1 481 485 A1204~A1208     0.0000
1 482 486 A1205~A1209     0.0000
1 483 487 A1206~A1210     0.0000
1 484 488 A1207~A1211     0.0000
1 485 489 A1208~A1212     0.0000
1 486 490 A1209~A1213     0.0000
1 487 491 A1210~A1214     0.0000
1 488 492 A1211~A1215     0.0000
1 489 493 A1212~A1216     0.0000
1 490 494 A1213~A1217     -0.0031
1 491 495 A1214~A1218     -0.0143
1 492 496 A1215~A1219     -3.5370
1 493 497 A1216~A1220     -0.3864
1 494 498 A1217~A1221     -4.6539
1 495 499 A1218~A1222     -8.7047
1 496 500 A1219~A1223     -9.8757
1 497 501 A1220~A1224     -9.4282
1 498 502 A1221~A1225     -12.8914
1 499 503 A1222~A1226     -8.6300
1 500 504 A1223~A1227     -4.5759
1 501 505 A1224~A1228     -3.3938
1 502 506 A1225~A1229     -0.3186
1 503 507 A1226~A1230     -0.0060
1 504 508 A1227~A1231     0.0000
1 505 509 A1228~A1232     0.0000
1 506 510 A1229~A1233     0.0000
1 507 511 A1230~A1234     0.0000
1 508 512 A1231~A1235     0.0000
1 509 513 A1232~A1236     0.0000
1 510 514 A1233~A1237     0.0000
1 511 515 A1234~A1238     0.0000
1 512 516 A1235~A1239     0.0000
1 513 517 A1236~A1240     0.0000
1 514 518 A1237~A1241     0.0000
1 515 519 A1238~A1242     0.0000
1 516 520 A1239~A1243     0.0000
1 517 521 A1240~A1244     0.0000
1 518 522 A1241~A1245     -0.9165
1 519 523 A1242~A1246     -2.8057
1 520 524 A1243~A1247     -5.9519
1 521 525 A1244~A1248     -16.2763
1 522 526 A1245~A1249     -18.5627
1 523 527 A1246~A1250     -15.0535
1 524 528 A1247~A1251     -13.2088
1 525 529 A1248~A1252     -10.0744
1 526 530 A1249~A1253     -1.4944
1 527 531 A1250~A1254     0.7921
1 528 532 A1251~A1255     -1.8006
1 529 533 A1252~A1256     -1.7561
1 530 534 A1253~A1257     -1.7443
1 531 535 A1254~A1258     0.0000
1 532 536 A1255~A1259     0.0000
1 533 537 A1256~A1260     0.0000
1 534 538 A1257~A1261     0.0000
1 535 539 A1258~A1262     0.0000
1 536 540 A1259~A1263     0.0000
1 537 541 A1260~A1264     0.0000
1 538 542 A1261~A1265     0.0000
1 539 543 A1262~A1266     0.0000
1 540 544 A1263~A1267     0.0000
1 541 545 A1264~A1268     0.0000
1 542 546 A1265~A1269     0.0000
1 543 547 A1266~A1270     0.0000
1 544 548 A1267~A1271     0.0000
1 545 549 A1268~A1272     0.0000
1 546 550 A1269~A1273     0.0000
1 547 551 A1270~A1274     0.0000
1 548 552 A1271~A1275     -0.1487
1 549 553 A1272~A1276     -0.1487
1 550 554 A1273~A1277     -1.3379
1 551 555 A1274~A1278     -3.8746
1 552 556 A1275~A1279     -10.5377
1 553 557 A1276~A1280     -13.7742
1 554 558 A1277~A1281     -14.5734
1 555 559 A1278~A1282     -13.3841
1 556 560 A1279~A1283     -10.8576
1 557 561 A1280~A1284     -4.1944
1 558 562 A1281~A1285     -0.8093
1 559 563 A1282~A1286     -0.0101
1 560 564 A1283~A1287     -0.0101
1 561 565 A1284~A1288     -0.0175
1 562 566 A1285~A1289     -0.0175
1 563 567 A1286~A1290     -0.0623
1 564 568 A1287~A1291     -1.9877
1 565 569 A1288~A1292     -4.3952
1 566 570 A1289~A1293     -5.6050
1 567 571 A1290~A1294     -8.6827
1 568 572 A1291~A1295     -9.5886
1 569 573 A1292~A1296     -17.5205
1 570 574 A1293~A1297     -15.6468
1 571 575 A1294~A1298     -14.4195
1 572 576 A1295~A1299     -11.3446
1 573 577 A1296~A1300     -10.3985
1 574 578 A1297~A1301     -0.5411
1 575 579 A1298~A1302     -0.0074
1 576 580 A1299~A1303     -0.0074
1 577 581 A1300~A1304     4.7028
1 578 582 A1301~A1305     4.4451
1 579 583 A1302~A1306     4.4451
1 580 584 A1303~A1307     4.2335
1 581 585 A1304~A1308     3.8290
1 582 586 A1305~A1309     2.8131
1 583 587 A1306~A1310     6.2189
1 584 588 A1307~A1311     2.8634
1 585 589 A1308~A1312     1.9933
1 586 590 A1309~A1313     -4.8725
1 587 591 A1310~A1314     0.1263
1 588 592 A1311~A1315     -4.6349
1 589 593 A1312~A1316     -1.9522
1 590 594 A1313~A1317     -0.9213
1 591 595 A1314~A1318     6.3481
1 592 596 A1315~A1319     -2.3423
1 593 597 A1316~A1320     -0.7246
1 594 598 A1317~A1321     -0.0518
1 595 599 A1318~A1322     -0.0849
1 596 600 A1319~A1323     -0.5055
1 597 601 A1320~A1324     -0.5565
1 598 602 A1321~A1325     -0.9170
1 599 603 A1322~A1326     -4.4672
1 600 604 A1323~A1327     -12.5434
1 601 605 A1324~A1328     -14.0427
1 602 606 A1325~A1329     -16.6845
1 603 607 A1326~A1330     -16.4587
1 604 608 A1327~A1331     -13.0700
1 605 609 A1328~A1332     -4.9098
1 606 610 A1329~A1333     -3.0009
1 607 611 A1330~A1334     -3.4163
1 608 612 A1331~A1335     -3.2943
1 609 613 A1332~A1336     -3.1328
1 610 614 A1333~A1337     -3.4831
1 611 615 A1334~A1338     -7.0243
1 612 616 A1335~A1339     -5.0256
1 613 617 A1336~A1340     -5.4185
1 614 618 A1337~A1341     -6.1605
1 615 619 A1338~A1342     -3.5553
1 616 620 A1339~A1343     -1.1999
1 617 621 A1340~A1344     -1.7715
1 618 622 A1341~A1345     -13.8557
1 619 623 A1342~A1346     -18.8563
1 620 624 A1343~A1347     -21.4074
1 621 625 A1344~A1348     -20.2098
1 622 626 A1345~A1349     -18.9483
1 623 627 A1346~A1350     -6.4585
1 624 628 A1347~A1351     -0.7161
1 625 629 A1348~A1352     -0.4216
1 626 630 A1349~A1353     -0.5543
1 627 631 A1350~A1354     -0.4653
1 628 632 A1351~A1355     -1.7135
1 629 633 A1352~A1356     -5.2179
1 630 634 A1353~A1357     -6.8861
1 631 635 A1354~A1358     -12.0940
1 632 636 A1355~A1359     -11.7636
1 633 637 A1356~A1360     -10.5154
1 634 638 A1357~A1361     -7.0110
1 635 639 A1358~A1362     -5.3410
1 636 640 A1359~A1363     -0.4098
1 637 641 A1360~A1364     -0.4095
1 638 642 A1361~A1365     -0.4982
1 639 643 A1362~A1366     -0.5857
1 640 644 A1363~A1367     -1.2911
1 641 645 A1364~A1368     -5.6753
1 642 646 A1365~A1369     -10.6386
1 643 647 A1366~A1370     -10.3400
1 644 648 A1367~A1371     -13.6303
1 645 649 A1368~A1372     -8.0524
1 646 650 A1369~A1373     -3.4455
1 647 651 A1370~A1374     1.5177
1 648 652 A1371~A1375     1.3078
1 649 653 A1372~A1376     4.6856
1 650 654 A1373~A1377     -0.1869
1 651 655 A1374~A1378     -0.0018
1 652 656 A1375~A1379     -0.0053
1 653 657 A1376~A1380     -0.0408
1 654 658 A1377~A1381     -1.1744
1 655 659 A1378~A1382     -5.1722
1 656 660 A1379~A1383     -15.4756
1 657 661 A1380~A1384     -16.9922
1 658 662 A1381~A1385     -17.4016
1 659 663 A1382~A1386     -18.2370
1 660 664 A1383~A1387     -14.7800
1 661 665 A1384~A1388     -4.0602
1 662 666 A1385~A1389     -6.4886
1 663 667 A1386~A1390     -7.8175
1 664 668 A1387~A1391     -5.8486
1 665 669 A1388~A1392     -5.4873
1 666 670 A1389~A1393     -8.0015
1 667 671 A1390~A1394     -4.1533
1 668 672 A1391~A1395     -2.4564
1 669 673 A1392~A1396     -3.5756
1 670 674 A1393~A1397     -4.9450
1 671 675 A1394~A1398     -5.4240
1 672 676 A1395~A1399     -12.2830
1 673 677 A1396~A1400     -13.9058
1 674 678 A1397~A1401     -16.7628
1 675 679 A1398~A1402     -16.5638
1 676 680 A1399~A1403     -13.9873
1 677 681 A1400~A1404     -7.3002
1 678 682 A1401~A1405     -6.7869
1 679 683 A1402~A1406     -2.8108
1 680 684 A1403~A1407     -1.4608
1 681 685 A1404~A1408     -1.4588
1 682 686 A1405~A1409     -1.1865
1 683 687 A1406~A1410     -0.3006
1 684 688 A1407~A1411     -0.8473
1 685 689 A1408~A1412     -2.6735
1 686 690 A1409~A1413     -10.9520
1 687 691 A1410~A1414     -22.1018
1 688 692 A1411~A1415     -25.6840
1 689 693 A1412~A1416     -34.5995
1 690 694 A1413~A1417     -39.1286
1 691 695 A1414~A1418     -30.8501
1 692 696 A1415~A1419     -19.9774
1 693 697 A1416~A1420     -16.2895
1 694 698 A1417~A1421     -2.4032
1 695 699 A1418~A1422     3.9459
1 696 700 A1419~A1423     3.8781
1 697 701 A1420~A1424     1.9310
1 698 702 A1421~A1425     0.0161
1 699 703 A1422~A1426     -4.7915
1 700 704 A1423~A1427     -6.4399
1 701 705 A1424~A1428     -13.1508
1 702 706 A1425~A1429     -18.9633
1 703 707 A1426~A1430     -17.2568
1 704 708 A1427~A1431     -3.9876
1 705 709 A1428~A1432     -15.4035
1 706 710 A1429~A1433     -19.4581
1 707 711 A1430~A1434     -12.2629
1 708 712 A1431~A1435     -11.9823
1 709 713 A1432~A1436     -25.0035
1 710 714 A1433~A1437     -11.9329
1 711 715 A1434~A1438     -1.0997
1 712 716 A1435~A1439     -0.2583
1 713 717 A1436~A1440     -0.1354
1 714 718 A1437~A1441     0.0000
1 715 719 A1438~A1442     -0.1707
1 716 720 A1439~A1443     -0.2249
1 717 721 A1440~A1444     -2.4720
1 718 722 A1441~A1445     -2.6681
1 719 723 A1442~A1446     -5.2681
1 720 724 A1443~A1447     -10.6329
1 721 725 A1444~A1448     -11.1949
1 722 726 A1445~A1449     -9.6230
1 723 727 A1446~A1450     -9.7888
1 724 728 A1447~A1451     -7.2037
1 725 729 A1448~A1452     -1.6682
1 726 730 A1449~A1453     -1.0698
1 727 731 A1450~A1454     -0.3946
1 728 732 A1451~A1455     -0.1224
1 729 733 A1452~A1456     -0.1149
1 730 734 A1453~A1457     -0.5183
1 731 735 A1454~A1458     -1.5938
1 732 736 A1455~A1459     -2.3271
1 733 737 A1456~A1460     -7.0094
1 734 738 A1457~A1461     -7.9753
1 735 739 A1458~A1462     -7.9426
1 736 740 A1459~A1463     -7.0492
1 737 741 A1460~A1464     -6.3167
1 738 742 A1461~A1465     -1.5446
1 739 743 A1462~A1466     -0.5714
1 740 744 A1463~A1467     -0.2006
1 741 745 A1464~A1468     -0.0008
1 742 746 A1465~A1469     0.0000
1 743 747 A1466~A1470     -0.1442
1 744 748 A1467~A1471     -0.1511
1 745 749 A1468~A1472     -0.1742
1 746 750 A1469~A1473     -0.7579
1 747 751 A1470~A1474     -3.7991
1 748 752 A1471~A1475     -6.3645
1 749 753 A1472~A1476     -7.1968
1 750 754 A1473~A1477     -9.2131
1 751 755 A1474~A1478     -8.6303
1 752 756 A1475~A1479     -5.5891
1 753 757 A1476~A1480     -2.8795
1 754 758 A1477~A1481     -2.0403
1 755 759 A1478~A1482     -0.0010
1 756 760 A1479~A1483     0.0000
1 757 761 A1480~A1484     0.0000
1 758 762 A1481~A1485     0.0000
1 759 763 A1482~A1486     0.0000
1 760 764 A1483~A1487     -0.0130
1 761 765 A1484~A1488     -1.7429
1 762 766 A1485~A1489     -2.9661
1 763 767 A1486~A1490     -3.0478
1 764 768 A1487~A1491     -3.1048
1 765 769 A1488~A1492     -4.1981
1 766 770 A1489~A1493     -2.7007
1 767 771 A1490~A1494     -1.4775
1 768 772 A1491~A1495     -1.3958
1 769 773 A1492~A1496     -1.3388
1 770 774 A1493~A1497     -0.2325
1 771 775 A1494~A1498     0.0000
1 772 776 A1495~A1499     0.0000
1 773 777 A1496~A1500     0.0000
1 774 778 A1497~A1501     0.0000
1 775 779 A1498~A1502     -0.0067
1 776 780 A1499~A1503     -0.0219
1 777 781 A1500~A1504     -0.5706
1 778 782 A1501~A1505     -0.7255
1 779 783 A1502~A1506     -1.3606
1 780 784 A1503~A1507     -1.4766
1 781 785 A1504~A1508     -1.4614
1 782 786 A1505~A1509     -0.9127
1 783 787 A1506~A1510     -0.7578
1 784 788 A1507~A1511     -0.1227
1 785 789 A1508~A1512     0.0000
1 786 790 A1509~A1513     0.0000
1 787 791 A1510~A1514     0.0000
1 788 792 A1511~A1515     0.0000
1 789 793 A1512~A1516     0.0000
1 790 794 A1513~A1517     -0.2501
1 791 795 A1514~A1518     -1.2639
1 792 796 A1515~A1519     -1.6208
1 793 797 A1516~A1520     -1.7777
1 794 798 A1517~A1521     -1.7777
1 795 799 A1518~A1522     -1.5276
1 796 800 A1519~A1523     -0.5138
1 797 801 A1520~A1524     -0.1569
1 798 802 A1521~A1525     0.0000
1 799 803 A1522~A1526     0.0000
1 800 804 A1523~A1527     0.0000
1 801 805 A1524~A1528     0.0000
1 802 806 A1525~A1529     0.0000
1 803 807 A1526~A1530     0.0000
1 804 808 A1527~A1531     0.0000
1 805 809 A1528~A1532     0.0000
1 806 810 A1529~A1533     0.0000
1 807 811 A1530~A1534     0.0000
1 808 812 A1531~A1535     0.0000
1 809 813 A1532~A1536     0.0000
1 810 814 A1533~A1537     0.0000
1 811 815 A1534~A1538     0.0000
1 812 816 A1535~A1539     0.0000
1 813 817 A1536~A1540     0.0000
1 814 818 A1537~A1541     0.0000
1 815 819 A1538~A1542     0.0000
1 816 820 A1539~A1543     0.0000
1 817 821 A1540~A1544     0.0000
