2 1 5 D__99~D_103     -10.2364
2 2 6 D_100~D_104     -9.2134
2 3 7 D_101~D_105     -21.1609
2 4 8 D_102~D_106     -18.1346
2 5 9 D_103~D_107     -12.6863
2 6 10 D_104~D_108     -12.8033
2 7 11 D_105~D_109     -15.6100
2 8 12 D_106~D_110     -3.2000
2 9 13 D_107~D_111     -3.1350
2 10 14 D_108~D_112     -5.2843
2 11 15 D_109~D_113     -9.4053
2 12 16 D_110~D_114     -6.5993
2 13 17 D_111~D_115     -6.5562
2 14 18 D_112~D_116     -11.1331
2 15 19 D_113~D_117     -10.2715
2 16 20 D_114~D_118     -6.0350
2 17 21 D_115~D_119     -6.1022
2 18 22 D_116~D_120     -8.7427
2 19 23 D_117~D_121     -4.4581
2 20 24 D_118~D_122     -3.1704
2 21 25 D_119~D_123     -4.8155
2 22 26 D_120~D_124     -8.6162
2 23 27 D_121~D_125     -6.2216
2 24 28 D_122~D_126     -6.2783
2 25 29 D_123~D_127     -28.8809
2 26 30 D_124~D_128     -32.7616
2 27 31 D_125~D_129     -28.7961
2 28 32 D_126~D_130     -29.3316
2 29 33 D_127~D_131     -32.8079
2 30 34 D_128~D_132     -10.8703
2 31 35 D_129~D_133     -5.4750
2 32 36 D_130~D_134     -8.1516
2 33 37 D_131~D_135     -12.7884
2 34 38 D_132~D_136     -9.0043
2 35 39 D_133~D_137     -8.6771
2 36 40 D_134~D_138     -20.3083
2 37 41 D_135~D_139     -19.1001
2 38 42 D_136~D_140     -13.6818
2 39 43 D_137~D_141     -13.6529
2 40 44 D_138~D_142     -16.3251
2 41 45 D_139~D_143     -4.6482
2 42 46 D_140~D_144     -3.1381
2 43 47 D_141~D_145     -3.8546
2 44 48 D_142~D_146     -7.9155
2 45 49 D_143~D_147     -4.9251
2 46 50 D_144~D_148     -4.8529
2 47 51 D_145~D_149     -7.0798
2 48 52 D_146~D_150     -10.7522
2 49 53 D_147~D_151     -6.7268
2 50 54 D_148~D_152     -6.7518
2 51 55 D_149~D_153     -7.9613
2 52 56 D_150~D_154     -8.5007
2 53 57 D_151~D_155     -4.1935
2 54 58 D_152~D_156     -5.1076
2 55 59 D_153~D_157     -5.8168
2 56 60 D_154~D_158     -5.9051
2 57 61 D_155~D_189     -3.1412
2 58 62 D_156~D_190     -3.0710
2 59 63 D_157~D_191     -0.3128
2 60 64 D_158~D_192     -11.6005
2 61 65 D_189~D_193     -10.2870
2 62 66 D_190~D_194     -11.2546
2 63 67 D_191~D_195     -17.2458
2 64 68 D_192~D_196     -19.1388
2 65 69 D_193~D_197     -7.2630
2 66 70 D_194~D_198     -16.4660
2 67 71 D_195~D_199     -19.1719
2 68 72 D_196~D_200     -20.4559
2 69 73 D_197~D_201     -26.2154
2 70 74 D_198~D_202     -28.0593
2 71 75 D_199~D_203     -18.9983
2 72 76 D_200~D_204     -18.0735
2 73 77 D_201~D_205     -10.9910
2 74 78 D_202~D_206     -7.1269
2 75 79 D_203~D_207     -5.9890
2 76 80 D_204~D_208     -4.3610
2 77 81 D_205~D_209     -3.5288
2 78 82 D_206~D_210     -18.5897
2 79 83 D_207~D_211     -12.5597
2 80 84 D_208~D_212     -25.1528
2 81 85 D_209~D_213     -29.4449
2 82 86 D_210~D_214     -44.3458
2 83 87 D_211~D_215     -43.2947
2 84 88 D_212~D_216     -49.7757
2 85 89 D_213~D_217     -36.7301
2 86 90 D_214~D_218     -41.2625
2 87 91 D_215~D_219     -27.7368
2 88 92 D_216~D_220     -13.5285
2 89 93 D_217~D_221     -11.8209
2 90 94 D_218~D_222     -14.3222
2 91 95 D_219~D_223     -6.9835
2 92 96 D_220~D_224     -3.6617
2 93 97 D_221~D_225     -3.7265
2 94 98 D_222~D_226     -3.3658
