5 1 5 G_530~G_534     0.0000
5 2 6 G_531~G_535     0.0000
5 3 7 G_532~G_536     0.0000
5 4 8 G_533~G_537     0.0000
5 5 9 G_534~G_538     0.0000
5 6 10 G_535~G_539     0.0000
5 7 11 G_536~G_540     0.0000
5 8 12 G_537~G_541     0.0000
5 9 13 G_538~G_542     0.0000
5 10 14 G_539~G_543     0.0000
5 11 15 G_540~G_544     0.0000
5 12 16 G_541~G_545     0.0000
5 13 17 G_542~G_546     0.0000
5 14 18 G_543~G_547     0.0000
5 15 19 G_544~G_548     0.0000
5 16 20 G_545~G_549     0.0000
5 17 21 G_546~G_550     0.0000
5 18 22 G_547~G_551     0.0000
5 19 23 G_548~G_552     0.0000
5 20 24 G_549~G_553     0.0000
5 21 25 G_550~G_554     0.0000
5 22 26 G_551~G_555     0.0000
5 23 27 G_552~G_556     0.0000
5 24 28 G_553~G_557     0.0000
5 25 29 G_554~G_558     0.0000
5 26 30 G_555~G_559     0.0000
5 27 31 G_556~G_560     0.0000
5 28 32 G_557~G_561     0.0000
5 29 33 G_558~G_562     0.0000
5 30 34 G_559~G_563     0.0000
5 31 35 G_560~G_564     0.0000
5 32 36 G_561~G_565     0.0000
5 33 37 G_562~G_566     0.0000
5 34 38 G_563~G_567     0.0000
5 35 39 G_564~G_568     0.0000
5 36 40 G_565~G_569     0.0000
5 37 41 G_566~G_570     0.0000
5 38 42 G_567~G_571     0.0000
5 39 43 G_568~G_572     0.0000
5 40 44 G_569~G_573     0.0000
5 41 45 G_570~G_574     0.0000
5 42 46 G_571~G_575     0.0000
5 43 47 G_572~G_576     0.0000
5 44 48 G_573~G_577     0.0000
5 45 49 G_574~G_578     0.0000
5 46 50 G_575~G_579     0.0000
5 47 51 G_576~G_580     0.0000
5 48 52 G_577~G_581     0.0000
5 49 53 G_578~G_582     0.0000
5 50 54 G_579~G_583     0.0000
5 51 55 G_580~G_584     0.0000
5 52 56 G_581~G_585     0.0000
5 53 57 G_582~G_586     0.0000
5 54 58 G_583~G_587     0.0000
5 55 59 G_584~G_588     0.0000
5 56 60 G_585~G_589     0.0000
5 57 61 G_586~G_590     0.0000
5 58 62 G_587~G_591     0.0000
5 59 63 G_588~G_592     0.0000
5 60 64 G_589~G_593     0.0000
5 61 65 G_590~G_594     0.0000
5 62 66 G_591~G_595     0.0000
5 63 67 G_592~G_596     0.0000
5 64 68 G_593~G_597     0.0000
5 65 69 G_594~G_598     0.0000
5 66 70 G_595~G_599     0.0000
5 67 71 G_596~G_600     0.0000
5 68 72 G_597~G_601     0.0000
5 69 73 G_598~G_602     0.0000
5 70 74 G_599~G_603     0.0000
5 71 75 G_600~G_604     0.0000
5 72 76 G_601~G_605     0.0000
5 73 77 G_602~G_606     0.0000
5 74 78 G_603~G_607     0.0000
5 75 79 G_604~G_608     0.0000
5 76 80 G_605~G_609     0.0000
5 77 81 G_606~G_610     0.0000
5 78 82 G_607~G_611     0.0000
5 79 83 G_608~G_612     -0.1107
5 80 84 G_609~G_613     -0.1803
5 81 85 G_610~G_614     -0.1803
5 82 86 G_611~G_615     -0.3613
5 83 87 G_612~G_616     -1.2281
5 84 88 G_613~G_617     -1.1441
5 85 89 G_614~G_618     -1.0947
5 86 90 G_615~G_619     -1.5685
5 87 91 G_616~G_620     -1.6067
5 88 92 G_617~G_621     -0.7399
5 89 93 G_618~G_622     -0.7202
5 90 94 G_619~G_623     -0.7001
5 91 95 G_620~G_624     -0.2263
5 92 96 G_621~G_625     -0.0070
5 93 97 G_622~G_626     -0.0070
5 94 98 G_623~G_627     0.0000
5 95 99 G_624~G_628     0.0000
5 96 100 G_625~G_629     0.0000
5 97 101 G_626~G_630     -0.0176
5 98 102 G_627~G_631     -0.1492
5 99 103 G_628~G_632     -0.9557
5 100 104 G_629~G_633     -3.1998
5 101 105 G_630~G_634     -7.7675
5 102 106 G_631~G_635     -6.5011
5 103 107 G_632~G_636     -6.7626
5 104 108 G_633~G_637     -6.0722
5 105 109 G_634~G_638     -5.3786
5 106 110 G_635~G_639     -1.4383
5 107 111 G_636~G_640     -2.7245
5 108 112 G_637~G_641     -2.3315
5 109 113 G_638~G_642     -4.2908
5 110 114 G_639~G_643     -4.7129
5 111 115 G_640~G_644     -4.3281
5 112 116 G_641~G_645     -4.2906
5 113 117 G_642~G_646     -4.2906
5 114 118 G_643~G_647     -2.2151
5 115 119 G_644~G_648     -0.2425
5 116 120 G_645~G_649     0.0000
5 117 121 G_646~G_650     0.0000
5 118 122 G_647~G_651     0.0000
5 119 123 G_648~G_652     0.0000
5 120 124 G_649~G_653     0.0000
5 121 125 G_650~G_654     0.0000
5 122 126 G_651~G_655     0.0000
5 123 127 G_652~G_656     0.0000
5 124 128 G_653~G_657     0.0000
5 125 129 G_654~G_658     0.0000
5 126 130 G_655~G_659     0.0000
5 127 131 G_656~G_660     0.0000
5 128 132 G_657~G_661     0.0000
5 129 133 G_658~G_662     0.0000
5 130 134 G_659~G_663     0.0000
5 131 135 G_660~G_664     0.0000
5 132 136 G_661~G_665     0.0000
5 133 137 G_662~G_666     0.0000
5 134 138 G_663~G_667     0.0000
5 135 139 G_664~G_668     0.0000
5 136 140 G_665~G_669     -0.0581
5 137 141 G_666~G_670     -0.0581
5 138 142 G_667~G_671     -0.0581
5 139 143 G_668~G_672     -0.0581
5 140 144 G_669~G_673     -0.1134
5 141 145 G_670~G_674     -0.0554
5 142 146 G_671~G_675     -0.0554
5 143 147 G_672~G_676     -0.3927
5 144 148 G_673~G_677     -2.9099
5 145 149 G_674~G_678     -3.5414
5 146 150 G_675~G_679     -3.5414
5 147 151 G_676~G_680     -3.5414
5 148 152 G_677~G_681     -3.2041
5 149 153 G_678~G_682     -0.6869
5 150 154 G_679~G_683     0.0000
5 151 155 G_680~G_684     0.0000
5 152 156 G_681~G_685     0.0000
5 153 157 G_682~G_686     0.0000
5 154 158 G_683~G_687     0.0000
5 155 159 G_684~G_688     0.0000
5 156 160 G_685~G_689     0.0000
5 157 161 G_686~G_690     0.0000
5 158 162 G_687~G_691     0.0000
5 159 163 G_688~G_692     0.0000
5 160 164 G_689~G_693     0.0000
5 161 165 G_690~G_694     0.0000
5 162 166 G_691~G_695     0.0000
5 163 167 G_692~G_696     0.0000
5 164 168 G_693~G_697     0.0000
5 165 169 G_694~G_698     0.0000
5 166 170 G_695~G_699     0.0000
5 167 171 G_696~G_700     0.0000
5 168 172 G_697~G_701     0.0000
5 169 173 G_698~G_702     0.0000
5 170 174 G_699~G_703     0.0000
5 171 175 G_700~G_704     0.0000
5 172 176 G_701~G_705     -0.0994
5 173 177 G_702~G_706     -0.0994
5 174 178 G_703~G_707     -0.0994
5 175 179 G_704~G_708     -2.5110
5 176 180 G_705~G_709     -2.6617
5 177 181 G_706~G_710     -2.5623
5 178 182 G_707~G_711     -2.5623
5 179 183 G_708~G_712     -3.2509
5 180 184 G_709~G_713     -1.1328
5 181 185 G_710~G_714     -0.9821
5 182 186 G_711~G_715     -1.0512
5 183 187 G_712~G_716     -1.0512
5 184 188 G_713~G_717     -0.3627
5 185 189 G_714~G_718     -0.0691
5 186 190 G_715~G_719     -0.0691
5 187 191 G_716~G_720     0.0000
5 188 192 G_717~G_721     0.0000
5 189 193 G_718~G_722     0.0000
5 190 194 G_719~G_723     0.0000
5 191 195 G_720~G_724     0.0000
5 192 196 G_721~G_725     0.0000
5 193 197 G_722~G_726     0.0000
5 194 198 G_723~G_727     0.0000
5 195 199 G_724~G_728     0.0000
5 196 200 G_725~G_729     0.0000
5 197 201 G_726~G_730     0.0000
5 198 202 G_727~G_731     -0.0934
5 199 203 G_728~G_732     -0.0934
5 200 204 G_729~G_733     -0.0934
5 201 205 G_730~G_734     -0.1112
5 202 206 G_731~G_735     -0.6173
5 203 207 G_732~G_736     -1.0636
5 204 208 G_733~G_737     -5.5466
5 205 209 G_734~G_738     -6.6968
5 206 210 G_735~G_739     -6.8320
5 207 211 G_736~G_740     -6.7710
5 208 212 G_737~G_741     -7.0663
5 209 213 G_738~G_742     -2.5832
5 210 214 G_739~G_743     0.3919
5 211 215 G_740~G_744     0.2710
5 212 216 G_741~G_745     0.7160
5 213 217 G_742~G_746     1.5510
5 214 218 G_743~G_747     1.5384
5 215 219 G_744~G_748     -0.2865
5 216 220 G_745~G_749     -0.0125
5 217 221 G_746~G_750     -0.0125
5 218 222 G_747~G_751     -0.0125
5 219 223 G_748~G_752     0.0000
5 220 224 G_749~G_753     0.0000
5 221 225 G_750~G_754     -1.2571
5 222 226 G_751~G_755     -1.3646
5 223 227 G_752~G_756     -1.4112
5 224 228 G_753~G_757     -1.7119
5 225 229 G_754~G_758     -6.9033
5 226 230 G_755~G_759     -8.4364
5 227 231 G_756~G_760     -8.3874
5 228 232 G_757~G_761     -9.4556
5 229 233 G_758~G_762     -19.5526
5 230 234 G_759~G_763     -14.4001
5 231 235 G_760~G_764     -11.6100
5 232 236 G_761~G_765     -8.1130
5 233 237 G_762~G_766     -7.2998
5 234 238 G_763~G_767     1.0592
5 235 239 G_764~G_768     1.0502
5 236 240 G_765~G_769     0.9474
5 237 241 G_766~G_770     -0.8050
5 238 242 G_767~G_771     -1.7646
5 239 243 G_768~G_772     0.2740
5 240 244 G_769~G_773     0.3219
5 241 245 G_770~G_774     -0.4841
5 242 246 G_771~G_775     -2.1730
5 243 247 G_772~G_776     -0.9118
5 244 248 G_773~G_777     -0.9118
5 245 249 G_774~G_778     -0.9118
5 246 250 G_775~G_779     -0.0029
5 247 251 G_776~G_780     0.0000
5 248 252 G_777~G_781     0.0000
5 249 253 G_778~G_782     0.0000
5 250 254 G_779~G_783     -0.5476
5 251 255 G_780~G_784     -0.5476
5 252 256 G_781~G_785     -1.4841
5 253 257 G_782~G_786     -2.5279
5 254 258 G_783~G_787     -2.5279
5 255 259 G_784~G_788     -2.0062
5 256 260 G_785~G_789     -5.9402
5 257 261 G_786~G_790     -6.0268
5 258 262 G_787~G_791     -4.9830
5 259 263 G_788~G_792     -5.3683
5 260 264 G_789~G_793     -5.9626
5 261 265 G_790~G_794     -2.0286
5 262 266 G_791~G_795     -1.0054
5 263 267 G_792~G_796     -1.0054
5 264 268 G_793~G_797     -0.6201
5 265 269 G_794~G_798     -0.3302
5 266 270 G_795~G_799     -0.3302
5 267 271 G_796~G_800     -0.3302
5 268 272 G_797~G_801     -0.6768
5 269 273 G_798~G_802     -2.6140
5 270 274 G_799~G_803     -2.2839
5 271 275 G_800~G_804     -2.2853
5 272 276 G_801~G_805     -4.9929
5 273 277 G_802~G_806     -8.8255
5 274 278 G_803~G_807     -6.8883
5 275 279 G_804~G_808     -6.8883
5 276 280 G_805~G_809     -6.8868
5 277 281 G_806~G_810     -4.1792
5 278 282 G_807~G_811     0.0000
5 279 283 G_808~G_812     0.0000
5 280 284 G_809~G_813     0.0000
5 281 285 G_810~G_814     0.0000
5 282 286 G_811~G_815     0.0000
5 283 287 G_812~G_816     0.0000
5 284 288 G_813~G_817     0.0000
5 285 289 G_814~G_818     -0.0582
5 286 290 G_815~G_819     -0.1109
5 287 291 G_816~G_820     -7.1398
5 288 292 G_817~G_821     -10.8847
5 289 293 G_818~G_822     -10.8872
5 290 294 G_819~G_823     -10.3238
5 291 295 G_820~G_824     -10.2711
5 292 296 G_821~G_825     -3.2422
5 293 297 G_822~G_826     0.3896
5 294 298 G_823~G_827     0.3921
5 295 299 G_824~G_828     -0.1131
5 296 300 G_825~G_829     -0.1138
5 297 301 G_826~G_830     -0.1138
5 298 302 G_827~G_831     -0.0007
5 299 303 G_828~G_832     -0.0007
5 300 304 G_829~G_833     -0.0007
5 301 305 G_830~G_834     -1.2254
5 302 306 G_831~G_835     -1.3759
5 303 307 G_832~G_836     -1.5195
5 304 308 G_833~G_837     -1.5239
5 305 309 G_834~G_838     -1.5239
5 306 310 G_835~G_839     -0.2985
5 307 311 G_836~G_840     -0.1480
5 308 312 G_837~G_841     -0.0044
5 309 313 G_838~G_842     0.0000
5 310 314 G_839~G_843     0.0000
5 311 315 G_840~G_844     0.0000
5 312 316 G_841~G_845     0.0000
5 313 317 G_842~G_846     0.0000
5 314 318 G_843~G_847     0.0000
5 315 319 G_844~G_848     0.0000
5 316 320 G_845~G_849     -0.0714
5 317 321 G_846~G_850     -1.2150
5 318 322 G_847~G_851     -3.3827
5 319 323 G_848~G_852     -4.6364
5 320 324 G_849~G_853     -6.9493
5 321 325 G_850~G_854     -20.5906
5 322 326 G_851~G_855     -19.5303
5 323 327 G_852~G_856     -21.4437
5 324 328 G_853~G_857     -20.2124
5 325 329 G_854~G_858     -17.8995
5 326 330 G_855~G_859     -7.8478
5 327 331 G_856~G_860     -8.5355
5 328 332 G_857~G_861     -4.4544
5 329 333 G_858~G_862     -4.4611
5 330 334 G_859~G_863     10.7293
5 331 335 G_860~G_864     14.2470
5 332 336 G_861~G_865     15.0180
5 333 337 G_862~G_866     14.2431
5 334 338 G_863~G_867     14.2274
5 335 339 G_864~G_868     -0.9630
5 336 340 G_865~G_869     -0.8197
5 337 341 G_866~G_870     -0.8197
5 338 342 G_867~G_871     -0.0448
5 339 343 G_868~G_872     0.0000
5 340 344 G_869~G_873     0.0000
5 341 345 G_870~G_874     0.0000
5 342 346 G_871~G_875     0.0000
5 343 347 G_872~G_876     0.0000
5 344 348 G_873~G_877     -0.1370
5 345 349 G_874~G_878     -0.1370
5 346 350 G_875~G_879     -0.2072
5 347 351 G_876~G_880     -0.8758
5 348 352 G_877~G_881     -4.3145
5 349 353 G_878~G_882     -4.7722
5 350 354 G_879~G_883     -8.7115
5 351 355 G_880~G_884     -14.1293
5 352 356 G_881~G_885     -17.2729
5 353 357 G_882~G_886     -18.8458
5 354 358 G_883~G_887     -9.5559
5 355 359 G_884~G_888     -6.7779
5 356 360 G_885~G_889     -9.2633
5 357 361 G_886~G_890     -5.8836
5 358 362 G_887~G_891     -1.3517
5 359 363 G_888~G_892     -6.6055
5 360 364 G_889~G_893     -16.4915
5 361 365 G_890~G_894     -8.5181
5 362 366 G_891~G_895     -8.1796
5 363 367 G_892~G_896     -7.0244
5 364 368 G_893~G_897     -10.6627
5 365 369 G_894~G_898     0.3545
5 366 370 G_895~G_899     0.3545
5 367 371 G_896~G_900     0.4487
5 368 372 G_897~G_901     -0.2269
5 369 373 G_898~G_902     -0.0301
5 370 374 G_899~G_903     0.0000
5 371 375 G_900~G_904     0.0000
5 372 376 G_901~G_905     0.0000
5 373 377 G_902~G_906     0.0000
5 374 378 G_903~G_907     -0.0130
5 375 379 G_904~G_908     -2.9947
5 376 380 G_905~G_909     -3.1585
5 377 381 G_906~G_910     -3.6510
5 378 382 G_907~G_911     -6.4083
5 379 383 G_908~G_912     3.8135
5 380 384 G_909~G_913     -1.1892
5 381 385 G_910~G_914     -4.1617
5 382 386 G_911~G_915     -4.8470
5 383 387 G_912~G_916     -2.2541
5 384 388 G_913~G_917     -12.4629
5 385 389 G_914~G_918     -4.4785
5 386 390 G_915~G_919     -1.3422
5 387 391 G_916~G_920     -0.1644
5 388 392 G_917~G_921     0.0000
5 389 393 G_918~G_922     0.0000
5 390 394 G_919~G_923     0.0000
5 391 395 G_920~G_924     0.0000
5 392 396 G_921~G_925     0.0000
5 393 397 G_922~G_926     0.0000
5 394 398 G_923~G_927     0.0000
5 395 399 G_924~G_928     0.0000
5 396 400 G_925~G_929     0.0000
5 397 401 G_926~G_930     0.0000
5 398 402 G_927~G_931     0.0000
5 399 403 G_928~G_932     0.0000
5 400 404 G_929~G_933     -0.0107
5 401 405 G_930~G_934     -0.0248
5 402 406 G_931~G_935     -0.5561
5 403 407 G_932~G_936     -9.4364
5 404 408 G_933~G_937     -14.9493
5 405 409 G_934~G_938     -18.8534
5 406 410 G_935~G_939     -19.1939
5 407 411 G_936~G_940     -20.2385
5 408 412 G_937~G_941     -16.3745
5 409 413 G_938~G_942     -10.8615
5 410 414 G_939~G_943     -6.9467
5 411 415 G_940~G_944     -6.6219
5 412 416 G_941~G_945     -5.4793
5 413 417 G_942~G_946     -0.4631
5 414 418 G_943~G_947     -0.4631
5 415 419 G_944~G_948     -0.4631
5 416 420 G_945~G_949     -2.5431
5 417 421 G_946~G_950     -2.1097
5 418 422 G_947~G_951     -2.1097
5 419 423 G_948~G_952     -2.1097
5 420 424 G_949~G_953     -2.1097
5 421 425 G_950~G_954     0.0000
5 422 426 G_951~G_955     0.0000
5 423 427 G_952~G_956     0.0000
5 424 428 G_953~G_957     0.0000
5 425 429 G_954~G_958     0.0000
5 426 430 G_955~G_959     0.0000
5 427 431 G_956~G_960     0.0000
5 428 432 G_957~G_961     0.0000
5 429 433 G_958~G_962     0.0000
5 430 434 G_959~G_963     0.0000
5 431 435 G_960~G_964     0.0000
5 432 436 G_961~G_965     0.0000
5 433 437 G_962~G_966     -0.2562
5 434 438 G_963~G_967     -0.2562
5 435 439 G_964~G_968     -0.2562
5 436 440 G_965~G_969     -0.8047
5 437 441 G_966~G_970     -0.9009
5 438 442 G_967~G_971     -2.0568
5 439 443 G_968~G_972     -1.8205
5 440 444 G_969~G_973     -4.4143
5 441 445 G_970~G_974     -4.0300
5 442 446 G_971~G_975     -5.6895
5 443 447 G_972~G_976     -9.5009
5 444 448 G_973~G_977     -9.8746
5 445 449 G_974~G_978     -7.4276
5 446 450 G_975~G_979     -12.5147
5 447 451 G_976~G_980     -14.1164
5 448 452 G_977~G_981     -14.4398
5 449 453 G_978~G_982     -22.1518
5 450 454 G_979~G_983     -22.5070
5 451 455 G_980~G_984     -17.8556
5 452 456 G_981~G_985     -14.5540
5 453 457 G_982~G_986     -9.0499
5 454 458 G_983~G_987     -1.2045
5 455 459 G_984~G_988     -0.7025
5 456 460 G_985~G_989     -0.1027
5 457 461 G_986~G_990     -0.0469
5 458 462 G_987~G_991     -0.0040
5 459 463 G_988~G_992     0.0000
5 460 464 G_989~G_993     0.0000
5 461 465 G_990~G_994     0.0000
5 462 466 G_991~G_995     0.0000
5 463 467 G_992~G_996     0.0000
5 464 468 G_993~G_997     0.0000
5 465 469 G_994~G_998     0.0000
5 466 470 G_995~G_999     0.0000
5 467 471 G_996~G1000     0.0000
5 468 472 G_997~G1001     0.0000
5 469 473 G_998~G1002     0.0000
5 470 474 G_999~G1003     0.0000
5 471 475 G1000~G1004     -0.1920
5 472 476 G1001~G1005     -0.1920
5 473 477 G1002~G1006     -0.2036
5 474 478 G1003~G1007     -3.6914
5 475 479 G1004~G1008     -5.4442
5 476 480 G1005~G1009     -5.2521
5 477 481 G1006~G1010     -7.3304
5 478 482 G1007~G1011     -13.6248
5 479 483 G1008~G1012     -10.1470
5 480 484 G1009~G1013     -8.4416
5 481 485 G1010~G1014     -13.8208
5 482 486 G1011~G1015     -13.7149
5 483 487 G1012~G1016     -8.2771
5 484 488 G1013~G1017     -10.8316
5 485 489 G1014~G1018     -12.5152
5 486 490 G1015~G1019     -7.5260
5 487 491 G1016~G1020     -5.5568
5 488 492 G1017~G1021     -4.6911
5 489 493 G1018~G1022     -2.1653
5 490 494 G1019~G1023     -0.4342
5 491 495 G1020~G1024     -0.0442
5 492 496 G1021~G1025     -0.0411
5 493 497 G1022~G1026     -0.0386
5 494 498 G1023~G1027     0.0000
5 495 499 G1024~G1028     0.0000
5 496 500 G1025~G1029     0.0000
5 497 501 G1026~G1030     0.0000
5 498 502 G1027~G1031     0.0000
5 499 503 G1028~G1032     0.0000
5 500 504 G1029~G1033     0.0000
5 501 505 G1030~G1034     0.0000
5 502 506 G1031~G1035     0.0000
5 503 507 G1032~G1036     0.0000
5 504 508 G1033~G1037     0.0000
5 505 509 G1034~G1038     -1.1679
5 506 510 G1035~G1039     -2.8222
5 507 511 G1036~G1040     -2.9128
5 508 512 G1037~G1041     -5.5269
5 509 513 G1038~G1042     -12.3754
5 510 514 G1039~G1043     -12.0690
5 511 515 G1040~G1044     -10.6059
5 512 516 G1041~G1045     -10.8054
5 513 517 G1042~G1046     -21.0200
5 514 518 G1043~G1047     -14.1715
5 515 519 G1044~G1048     -13.3101
5 516 520 G1045~G1049     -13.1189
5 517 521 G1046~G1050     -12.8288
5 518 522 G1047~G1051     0.0000
5 519 523 G1048~G1052     0.0000
5 520 524 G1049~G1053     0.0000
5 521 525 G1050~G1054     0.0000
5 522 526 G1051~G1055     0.0000
5 523 527 G1052~G1056     0.0000
5 524 528 G1053~G1057     0.0000
5 525 529 G1054~G1058     0.0000
5 526 530 G1055~G1059     0.0000
5 527 531 G1056~G1060     0.0000
5 528 532 G1057~G1061     0.0000
5 529 533 G1058~G1062     0.0000
5 530 534 G1059~G1063     0.0000
5 531 535 G1060~G1064     0.0000
5 532 536 G1061~G1065     0.0000
5 533 537 G1062~G1066     -0.2640
5 534 538 G1063~G1067     -0.2640
5 535 539 G1064~G1068     -0.2640
5 536 540 G1065~G1069     -0.9130
5 537 541 G1066~G1070     -1.0527
5 538 542 G1067~G1071     -0.7886
5 539 543 G1068~G1072     -0.7886
5 540 544 G1069~G1073     -3.4257
5 541 545 G1070~G1074     -2.8355
5 542 546 G1071~G1075     -2.6958
5 543 547 G1072~G1076     -2.6958
5 544 548 G1073~G1077     -2.6958
5 545 549 G1074~G1078     -0.0588
5 546 550 G1075~G1079     0.0000
5 547 551 G1076~G1080     0.0000
5 548 552 G1077~G1081     0.0000
5 549 553 G1078~G1082     0.0000
5 550 554 G1079~G1083     0.0000
5 551 555 G1080~G1084     0.0000
5 552 556 G1081~G1085     0.0000
5 553 557 G1082~G1086     0.0000
5 554 558 G1083~G1087     0.0000
5 555 559 G1084~G1088     0.0000
5 556 560 G1085~G1089     0.0000
5 557 561 G1086~G1090     0.0000
5 558 562 G1087~G1091     0.0000
5 559 563 G1088~G1092     0.0000
5 560 564 G1089~G1093     0.0000
5 561 565 G1090~G1094     0.0000
5 562 566 G1091~G1095     0.0000
5 563 567 G1092~G1096     -0.0045
5 564 568 G1093~G1097     -0.6667
5 565 569 G1094~G1098     -0.7310
5 566 570 G1095~G1099     -0.7310
5 567 571 G1096~G1100     -1.9380
5 568 572 G1097~G1101     -2.8601
5 569 573 G1098~G1102     -2.2306
5 570 574 G1099~G1103     -2.4246
5 571 575 G1100~G1104     -2.4246
5 572 576 G1101~G1105     -1.2175
5 573 577 G1102~G1106     -0.2909
5 574 578 G1103~G1107     -0.2582
5 575 579 G1104~G1108     0.0000
5 576 580 G1105~G1109     0.0000
5 577 581 G1106~G1110     0.0000
5 578 582 G1107~G1111     0.0000
5 579 583 G1108~G1112     0.0000
5 580 584 G1109~G1113     0.0000
5 581 585 G1110~G1114     0.0000
5 582 586 G1111~G1115     0.0000
5 583 587 G1112~G1116     0.0000
5 584 588 G1113~G1117     0.0000
5 585 589 G1114~G1118     0.0000
5 586 590 G1115~G1119     0.0000
5 587 591 G1116~G1120     0.0000
5 588 592 G1117~G1121     0.0000
5 589 593 G1118~G1122     0.0000
5 590 594 G1119~G1123     0.0000
5 591 595 G1120~G1124     0.0000
5 592 596 G1121~G1125     0.0000
5 593 597 G1122~G1126     0.0000
5 594 598 G1123~G1127     0.0000
5 595 599 G1124~G1128     0.0000
5 596 600 G1125~G1129     0.0000
5 597 601 G1126~G1130     0.0000
5 598 602 G1127~G1131     0.0000
5 599 603 G1128~G1132     0.0000
