6 1 5 J1148~J1152     0.0000
6 2 6 J1149~J1153     0.0000
6 3 7 J1150~J1154     0.0000
6 4 8 J1151~J1155     0.0000
6 5 9 J1152~J1156     0.0000
6 6 10 J1153~J1157     0.0000
6 7 11 J1154~J1158     0.0000
6 8 12 J1155~J1159     0.0000
6 9 13 J1156~J1160     0.0000
6 10 14 J1157~J1161     0.0000
6 11 15 J1158~J1162     0.0000
6 12 16 J1159~J1163     0.0000
6 13 17 J1160~J1164     0.0000
6 14 18 J1161~J1165     -0.1551
6 15 19 J1162~J1166     -0.4931
6 16 20 J1163~J1167     -0.8750
6 17 21 J1164~J1168     -0.8750
6 18 22 J1165~J1169     -0.8750
6 19 23 J1166~J1170     -0.7198
6 20 24 J1167~J1171     -0.3819
6 21 25 J1168~J1172     0.0000
6 22 26 J1169~J1173     0.0000
6 23 27 J1170~J1174     0.0000
6 24 28 J1171~J1175     0.0000
6 25 29 J1172~J1176     0.0000
6 26 30 J1173~J1177     0.0000
6 27 31 J1174~J1178     0.0000
6 28 32 J1175~J1179     0.0000
6 29 33 J1176~J1180     0.0000
6 30 34 J1177~J1181     0.0000
6 31 35 J1178~J1182     0.0000
6 32 36 J1179~J1183     0.0000
6 33 37 J1180~J1184     0.0000
6 34 38 J1181~J1185     0.0000
6 35 39 J1182~J1186     0.0000
6 36 40 J1183~J1187     0.0000
6 37 41 J1184~J1188     0.0000
6 38 42 J1185~J1189     0.0000
6 39 43 J1186~J1190     0.0000
6 40 44 J1187~J1191     0.0000
6 41 45 J1188~J1192     0.0000
6 42 46 J1189~J1193     -0.0047
6 43 47 J1190~J1194     -0.0161
6 44 48 J1191~J1195     -0.0870
6 45 49 J1192~J1196     -0.1508
6 46 50 J1193~J1197     -0.1571
6 47 51 J1194~J1198     -0.2475
6 48 52 J1195~J1199     -0.2361
6 49 53 J1196~J1200     -0.1652
6 50 54 J1197~J1201     -0.1014
6 51 55 J1198~J1202     -0.0951
6 52 56 J1199~J1203     0.0000
6 53 57 J1200~J1204     0.0000
6 54 58 J1201~J1205     0.0000
6 55 59 J1202~J1206     0.0000
6 56 60 J1203~J1207     0.0000
6 57 61 J1204~J1208     0.0000
6 58 62 J1205~J1209     0.0000
6 59 63 J1206~J1210     0.0000
6 60 64 J1207~J1211     0.0000
6 61 65 J1208~J1212     0.0000
6 62 66 J1209~J1213     0.0000
6 63 67 J1210~J1214     0.0000
6 64 68 J1211~J1215     0.0000
6 65 69 J1212~J1216     0.0000
6 66 70 J1213~J1217     0.0000
6 67 71 J1214~J1218     0.0000
6 68 72 J1215~J1219     0.0000
6 69 73 J1216~J1220     0.0000
6 70 74 J1217~J1221     -0.0580
6 71 75 J1218~J1222     -0.2726
6 72 76 J1219~J1223     -0.3142
6 73 77 J1220~J1224     -1.1443
6 74 78 J1221~J1225     -1.1514
6 75 79 J1222~J1226     -1.0934
6 76 80 J1223~J1227     -0.8789
6 77 81 J1224~J1228     -0.8373
6 78 82 J1225~J1229     -0.0071
6 79 83 J1226~J1230     0.0000
6 80 84 J1227~J1231     0.0000
6 81 85 J1228~J1232     0.0000
6 82 86 J1229~J1233     0.0000
6 83 87 J1230~J1234     0.0000
6 84 88 J1231~J1235     0.0000
6 85 89 J1232~J1236     0.0000
6 86 90 J1233~J1237     0.0000
6 87 91 J1234~J1238     0.0000
6 88 92 J1235~J1239     0.0000
6 89 93 J1236~J1240     0.0000
6 90 94 J1237~J1241     0.0000
6 91 95 J1238~J1242     0.0000
6 92 96 J1239~J1243     0.0000
6 93 97 J1240~J1244     0.0000
6 94 98 J1241~J1245     0.0000
6 95 99 J1242~J1246     -1.1979
6 96 100 J1243~J1247     -2.1024
6 97 101 J1244~J1248     -3.9114
6 98 102 J1245~J1249     -5.2914
6 99 103 J1246~J1250     -6.4239
6 100 104 J1247~J1251     -7.7053
6 101 105 J1248~J1252     -6.8007
6 102 106 J1249~J1253     -5.0224
6 103 107 J1250~J1254     -3.6424
6 104 108 J1251~J1255     -2.5098
6 105 109 J1252~J1256     -0.0307
6 106 110 J1253~J1257     -0.0307
6 107 111 J1254~J1258     0.0000
6 108 112 J1255~J1259     0.0000
6 109 113 J1256~J1260     0.0000
6 110 114 J1257~J1261     0.0000
6 111 115 J1258~J1262     0.0000
6 112 116 J1259~J1263     0.0000
6 113 117 J1260~J1264     0.0000
6 114 118 J1261~J1265     0.0000
6 115 119 J1262~J1266     0.0000
6 116 120 J1263~J1267     -0.0177
6 117 121 J1264~J1268     -0.0177
6 118 122 J1265~J1269     -0.0177
6 119 123 J1266~J1270     -0.0177
6 120 124 J1267~J1271     -0.0177
6 121 125 J1268~J1272     0.0000
6 122 126 J1269~J1273     0.0000
6 123 127 J1270~J1274     0.0000
6 124 128 J1271~J1275     -0.0125
6 125 129 J1272~J1276     -0.0125
6 126 130 J1273~J1277     -0.0298
6 127 131 J1274~J1278     -1.7040
6 128 132 J1275~J1279     -6.5821
6 129 133 J1276~J1280     -8.3099
6 130 134 J1277~J1281     -8.9309
6 131 135 J1278~J1282     -8.9540
6 132 136 J1279~J1283     -7.3427
6 133 137 J1280~J1284     -2.4647
6 134 138 J1281~J1285     -0.7243
6 135 139 J1282~J1286     -0.1033
6 136 140 J1283~J1287     -0.0630
6 137 141 J1284~J1288     -0.0078
6 138 142 J1285~J1289     -0.0085
6 139 143 J1286~J1290     -0.1771
6 140 144 J1287~J1291     -3.5767
6 141 145 J1288~J1292     -9.1802
6 142 146 J1289~J1293     -11.3794
6 143 147 J1290~J1294     -14.6459
6 144 148 J1291~J1295     -15.1027
6 145 149 J1292~J1296     -21.0788
6 146 150 J1293~J1297     -15.4906
6 147 151 J1294~J1298     -13.2836
6 148 152 J1295~J1299     -10.0868
6 149 153 J1296~J1300     -9.4614
6 150 154 J1297~J1301     -0.0857
6 151 155 J1298~J1302     -0.0704
6 152 156 J1299~J1303     -0.1053
6 153 157 J1300~J1304     3.8792
6 154 158 J1301~J1305     3.6047
6 155 159 J1302~J1306     3.5610
6 156 160 J1303~J1307     3.1711
6 157 161 J1304~J1308     2.7845
6 158 162 J1305~J1309     -7.8866
6 159 163 J1306~J1310     -8.4594
6 160 164 J1307~J1311     4.7015
6 161 165 J1308~J1312     5.1112
6 162 166 J1309~J1313     -7.8615
6 163 167 J1310~J1314     0.8047
6 164 168 J1311~J1315     1.2200
6 165 169 J1312~J1316     -11.8971
6 166 170 J1313~J1317     -12.4731
6 167 171 J1314~J1318     0.9206
6 168 172 J1315~J1319     -0.9886
6 169 173 J1316~J1320     -0.5566
6 170 174 J1317~J1321     -0.5566
6 171 175 J1318~J1322     -0.1640
6 172 176 J1319~J1323     -0.9861
6 173 177 J1320~J1324     -1.0412
6 174 178 J1321~J1325     -1.3502
6 175 179 J1322~J1326     -7.2303
6 176 180 J1323~J1327     -21.7300
6 177 181 J1324~J1328     -22.4507
6 178 182 J1325~J1329     -26.0009
6 179 183 J1326~J1330     -25.8066
6 180 184 J1327~J1331     -19.9265
6 181 185 J1328~J1332     -5.2935
6 182 186 J1329~J1333     -3.7898
6 183 187 J1330~J1334     -4.1530
6 184 188 J1331~J1335     -4.0857
6 185 189 J1332~J1336     -4.0857
6 186 190 J1333~J1337     -5.1753
6 187 191 J1334~J1338     -7.9920
6 188 192 J1335~J1339     -4.2301
6 189 193 J1336~J1340     -5.2050
6 190 194 J1337~J1341     -10.0546
6 191 195 J1338~J1342     2.4107
6 192 196 J1339~J1343     4.4826
6 193 197 J1340~J1344     2.1499
6 194 198 J1341~J1345     -6.2794
6 195 199 J1342~J1346     -7.3029
6 196 200 J1343~J1347     -18.7949
6 197 201 J1344~J1348     -18.0126
6 198 202 J1345~J1349     -16.4194
6 199 203 J1346~J1350     -6.9678
6 200 204 J1347~J1351     -1.0948
6 201 205 J1348~J1352     -0.9876
6 202 206 J1349~J1353     -1.2110
6 203 207 J1350~J1354     -1.7959
6 204 208 J1351~J1355     -4.6542
6 205 209 J1352~J1356     -10.5921
6 206 210 J1353~J1357     -12.4156
6 207 211 J1354~J1358     -14.2696
6 208 212 J1355~J1359     -12.8225
6 209 213 J1356~J1360     -9.9642
6 210 214 J1357~J1361     -4.0263
6 211 215 J1358~J1362     -2.1635
6 212 216 J1359~J1363     -0.2624
6 213 217 J1360~J1364     -0.1824
6 214 218 J1361~J1365     -0.4806
6 215 219 J1362~J1366     -0.6803
6 216 220 J1363~J1367     -2.6574
6 217 221 J1364~J1368     -11.3763
6 218 222 J1365~J1369     -18.0992
6 219 223 J1366~J1370     -18.6947
6 220 224 J1367~J1371     -20.4319
6 221 225 J1368~J1372     -20.4638
6 222 226 J1369~J1373     -12.4220
6 223 227 J1370~J1374     -5.6951
6 224 228 J1371~J1375     -4.8014
6 225 229 J1372~J1376     -2.8682
6 226 230 J1373~J1377     -0.8655
6 227 231 J1374~J1378     -0.5064
6 228 232 J1375~J1379     -0.5597
6 229 233 J1376~J1380     -0.6885
6 230 234 J1377~J1381     -3.0300
6 231 235 J1378~J1382     -9.1587
6 232 236 J1379~J1383     -16.2971
6 233 237 J1380~J1384     -18.4536
6 234 238 J1381~J1385     -18.6426
6 235 239 J1382~J1386     -20.9256
6 236 240 J1383~J1387     -16.0363
6 237 241 J1384~J1388     -8.8137
6 238 242 J1385~J1389     -7.9578
6 239 243 J1386~J1390     -9.8741
6 240 244 J1387~J1391     -5.2581
6 241 245 J1388~J1392     -4.4752
6 242 246 J1389~J1393     -5.8210
6 243 247 J1390~J1394     -4.6862
6 244 248 J1391~J1395     -2.4521
6 245 249 J1392~J1396     -2.6342
6 246 250 J1393~J1397     -4.8690
6 247 251 J1394~J1398     -4.1401
6 248 252 J1395~J1399     -9.8860
6 249 253 J1396~J1400     -13.2304
6 250 254 J1397~J1401     -14.9129
6 251 255 J1398~J1402     -12.3804
6 252 256 J1399~J1403     -11.3513
6 253 257 J1400~J1404     -5.3863
6 254 258 J1401~J1405     -2.2696
6 255 259 J1402~J1406     -0.3928
6 256 260 J1403~J1407     -0.2277
6 257 261 J1404~J1408     -0.2277
6 258 262 J1405~J1409     -0.2277
6 259 263 J1406~J1410     -2.4009
6 260 264 J1407~J1411     -2.6258
6 261 265 J1408~J1412     -4.0780
6 262 266 J1409~J1413     -8.1812
6 263 267 J1410~J1414     -22.9455
6 264 268 J1411~J1415     -28.7836
6 265 269 J1412~J1416     -36.8216
6 266 270 J1413~J1417     -40.8647
6 267 271 J1414~J1418     -36.7702
6 268 272 J1415~J1419     -22.0433
6 269 273 J1416~J1420     -13.9438
6 270 274 J1417~J1421     -0.8294
6 271 275 J1418~J1422     4.6659
6 272 276 J1419~J1423     4.6747
6 273 277 J1420~J1424     4.4917
6 274 278 J1421~J1425     4.4293
6 275 279 J1422~J1426     -0.4991
6 276 280 J1423~J1427     -1.5275
6 277 281 J1424~J1428     -7.8805
6 278 282 J1425~J1429     -14.8894
6 279 283 J1426~J1430     -11.8601
6 280 284 J1427~J1431     1.4776
6 281 285 J1428~J1432     -11.0419
6 282 286 J1429~J1433     -12.7051
6 283 287 J1430~J1434     -10.1946
6 284 288 J1431~J1435     -13.2327
6 285 289 J1432~J1436     -26.6069
6 286 290 J1433~J1437     -13.1043
6 287 291 J1434~J1438     -5.0881
6 288 292 J1435~J1439     -0.5981
6 289 293 J1436~J1440     -0.3874
6 290 294 J1437~J1441     -0.2740
6 291 295 J1438~J1442     -0.3549
6 292 296 J1439~J1443     -0.7304
6 293 297 J1440~J1444     -4.5311
6 294 298 J1441~J1445     -5.2137
6 295 299 J1442~J1446     -11.8010
6 296 300 J1443~J1447     -16.8034
6 297 301 J1444~J1448     -16.8418
6 298 302 J1445~J1449     -14.1738
6 299 303 J1446~J1450     -13.9051
6 300 304 J1447~J1451     -7.3178
6 301 305 J1448~J1452     -2.1892
6 302 306 J1449~J1453     -1.7754
6 303 307 J1450~J1454     -0.4139
6 304 308 J1451~J1455     -0.2344
6 305 309 J1452~J1456     -0.2518
6 306 310 J1453~J1457     -0.5022
6 307 311 J1454~J1458     -7.1861
6 308 312 J1455~J1459     -8.1608
6 309 313 J1456~J1460     -11.7032
6 310 314 J1457~J1461     -13.6459
6 311 315 J1458~J1462     -13.5027
6 312 316 J1459~J1463     -6.8949
6 313 317 J1460~J1464     -5.9203
6 314 318 J1461~J1465     -2.1434
6 315 319 J1462~J1466     -0.1833
6 316 320 J1463~J1467     -0.0762
6 317 321 J1464~J1468     0.0000
6 318 322 J1465~J1469     0.0000
6 319 323 J1466~J1470     -0.2498
6 320 324 J1467~J1471     -0.3042
6 321 325 J1468~J1472     -0.5142
6 322 326 J1469~J1473     -2.5618
6 323 327 J1470~J1474     -9.1690
6 324 328 J1471~J1475     -10.9687
6 325 329 J1472~J1476     -11.6254
6 326 330 J1473~J1477     -12.8690
6 327 331 J1474~J1478     -10.8213
6 328 332 J1475~J1479     -4.2142
6 329 333 J1476~J1480     -2.1647
6 330 334 J1477~J1481     -1.4536
6 331 335 J1478~J1482     0.0000
6 332 336 J1479~J1483     0.0000
6 333 337 J1480~J1484     0.0000
6 334 338 J1481~J1485     0.0000
6 335 339 J1482~J1486     0.0000
6 336 340 J1483~J1487     -0.0023
6 337 341 J1484~J1488     -1.0393
6 338 342 J1485~J1489     -3.7542
6 339 343 J1486~J1490     -7.2609
6 340 344 J1487~J1491     -7.2644
6 341 345 J1488~J1492     -4.8343
6 342 346 J1489~J1493     -6.6755
6 343 347 J1490~J1494     -3.9633
6 344 348 J1491~J1495     -0.4566
6 345 349 J1492~J1496     -0.4530
6 346 350 J1493~J1497     -2.8809
6 347 351 J1494~J1498     -0.0027
6 348 352 J1495~J1499     0.0000
6 349 353 J1496~J1500     0.0000
6 350 354 J1497~J1501     0.0000
6 351 355 J1498~J1502     -0.6892
6 352 356 J1499~J1503     -4.7283
6 353 357 J1500~J1504     -10.3247
6 354 358 J1501~J1505     -15.0154
6 355 359 J1502~J1506     -15.4359
6 356 360 J1503~J1507     -16.0557
6 357 361 J1504~J1508     -12.0728
6 358 362 J1505~J1509     -6.4764
6 359 363 J1506~J1510     -1.7857
6 360 364 J1507~J1511     -1.3652
6 361 365 J1508~J1512     -0.0562
6 362 366 J1509~J1513     0.0000
6 363 367 J1510~J1514     -0.1468
6 364 368 J1511~J1515     -0.5503
6 365 369 J1512~J1516     -0.6558
6 366 370 J1513~J1517     -1.8582
6 367 371 J1514~J1518     2.5318
6 368 372 J1515~J1519     3.2319
6 369 373 J1516~J1520     -17.0957
6 370 374 J1517~J1521     -17.4253
6 371 375 J1518~J1522     -16.2230
6 372 376 J1519~J1523     -20.8156
6 373 377 J1520~J1524     -21.3689
6 374 378 J1521~J1525     -0.6378
6 375 379 J1522~J1526     -0.2027
6 376 380 J1523~J1527     -0.2027
6 377 381 J1524~J1528     0.0000
6 378 382 J1525~J1529     0.0000
6 379 383 J1526~J1530     0.0000
6 380 384 J1527~J1531     0.0000
6 381 385 J1528~J1532     -0.0653
6 382 386 J1529~J1533     -1.0583
6 383 387 J1530~J1534     -6.1696
6 384 388 J1531~J1535     -15.1043
6 385 389 J1532~J1536     -15.2629
6 386 390 J1533~J1537     -15.1976
6 387 391 J1534~J1538     -16.0471
6 388 392 J1535~J1539     -12.6958
6 389 393 J1536~J1540     -3.7611
6 390 394 J1537~J1541     -3.6026
6 391 395 J1538~J1542     -3.6217
6 392 396 J1539~J1543     -2.0495
6 393 397 J1540~J1544     -0.2894
6 394 398 J1541~J1545     -0.2943
6 395 399 J1542~J1546     -0.3137
6 396 400 J1543~J1547     -0.2946
6 397 401 J1544~J1548     -0.0243
6 398 402 J1545~J1549     -0.0243
6 399 403 J1546~J1550     -0.0194
6 400 404 J1547~J1551     -0.0360
6 401 405 J1548~J1552     -0.0360
6 402 406 J1549~J1553     -0.0360
6 403 407 J1550~J1554     -0.0360
6 404 408 J1551~J1555     -0.0459
6 405 409 J1552~J1556     -0.0099
6 406 410 J1553~J1557     -0.6068
6 407 411 J1554~J1558     -0.6068
6 408 412 J1555~J1559     -0.6068
6 409 413 J1556~J1560     -0.5968
6 410 414 J1557~J1561     -0.5968
6 411 415 J1558~J1562     -0.9948
6 412 416 J1559~J1563     0.3873
6 413 417 J1560~J1564     -2.9559
6 414 418 J1561~J1565     -7.4547
6 415 419 J1562~J1566     -9.1216
6 416 420 J1563~J1567     -11.4267
6 417 421 J1564~J1568     -17.8870
6 418 422 J1565~J1569     -14.9372
6 419 423 J1566~J1570     -12.5847
6 420 424 J1567~J1571     -30.2499
6 421 425 J1568~J1572     -29.3821
6 422 426 J1569~J1573     -24.3640
6 423 427 J1570~J1574     -32.6210
6 424 428 J1571~J1575     -33.5808
6 425 429 J1572~J1576     -14.4640
6 426 430 J1573~J1577     -13.4248
6 427 431 J1574~J1578     -16.7159
6 428 432 J1575~J1579     -12.6365
6 429 433 J1576~J1580     -23.4855
6 430 434 J1577~J1581     -26.3119
6 431 435 J1578~J1582     -25.3040
6 432 436 J1579~J1583     -28.6078
6 433 437 J1580~J1584     -31.5958
6 434 438 J1581~J1585     -17.6580
6 435 439 J1582~J1586     -14.8559
6 436 440 J1583~J1587     -24.9115
6 437 441 J1584~J1588     -19.8609
6 438 442 J1585~J1589     -12.3273
6 439 443 J1586~J1590     -12.3914
6 440 444 J1587~J1591     -12.5673
6 441 445 J1588~J1592     -3.8752
6 442 446 J1589~J1593     -9.1927
6 443 447 J1590~J1594     -20.2632
6 444 448 J1591~J1595     -21.8906
6 445 449 J1592~J1596     -20.4701
6 446 450 J1593~J1597     -31.1204
6 447 451 J1594~J1598     -26.5829
6 448 452 J1595~J1599     -19.1109
6 449 453 J1596~J1600     -28.9000
6 450 454 J1597~J1601     -40.3958
6 451 455 J1598~J1602     -30.1037
6 452 456 J1599~J1603     -36.2664
6 453 457 J1600~J1604     -50.6146
6 454 458 J1601~J1605     -35.5877
6 455 459 J1602~J1606     -36.6817
6 456 460 J1603~J1607     -44.6332
6 457 461 J1604~J1608     -37.3138
6 458 462 J1605~J1609     -25.4688
6 459 463 J1606~J1610     -38.2984
6 460 464 J1607~J1611     -30.6363
6 461 465 J1608~J1612     -21.0115
6 462 466 J1609~J1613     -28.2182
6 463 467 J1610~J1614     -26.9092
6 464 468 J1611~J1615     -17.8395
6 465 469 J1612~J1616     -19.3510
6 466 470 J1613~J1617     -32.9574
6 467 471 J1614~J1618     -24.6775
6 468 472 J1615~J1619     -21.2439
6 469 473 J1616~J1620     -74.6857
6 470 474 J1617~J1621     -67.0264
6 471 475 J1618~J1622     -53.1289
6 472 476 J1619~J1623     -12.2746
6 473 477 J1620~J1624     -23.7762
6 474 478 J1621~J1625     27.9810
6 475 479 J1622~J1626     25.4517
6 476 480 J1623~J1627     25.4723
6 477 481 J1624~J1628     -18.6491
6 478 482 J1625~J1629     -9.7113
