9 1 5 M__99~M_103     -15.7962
9 2 6 M_100~M_104     -14.7285
9 3 7 M_101~M_105     -31.1639
9 4 8 M_102~M_106     -26.2993
9 5 9 M_103~M_107     -17.9252
9 6 10 M_104~M_108     -17.9198
9 7 11 M_105~M_109     -21.2628
9 8 12 M_106~M_110     -3.7146
9 9 13 M_107~M_111     -3.5993
9 10 14 M_108~M_112     -5.4274
9 11 15 M_109~M_113     -11.9621
9 12 16 M_110~M_114     -8.6784
9 13 17 M_111~M_115     -8.6904
9 14 18 M_112~M_116     -11.7702
9 15 19 M_113~M_117     -11.4616
9 16 20 M_114~M_118     -4.8969
9 17 21 M_115~M_119     -5.0243
9 18 22 M_116~M_120     -9.0936
9 19 23 M_117~M_121     -6.4514
9 20 24 M_118~M_122     -5.0657
9 21 25 M_119~M_123     -6.4285
9 22 26 M_120~M_124     -12.0537
9 23 27 M_121~M_125     -8.4702
9 24 28 M_122~M_126     -8.1812
9 25 29 M_123~M_127     -24.7281
9 26 30 M_124~M_128     -33.4125
9 27 31 M_125~M_129     -27.5530
9 28 32 M_126~M_130     -27.6084
9 29 33 M_127~M_131     -31.1841
9 30 34 M_128~M_132     -15.1144
9 31 35 M_129~M_133     -5.2124
9 32 36 M_130~M_134     -7.9430
9 33 37 M_131~M_135     -16.8823
9 34 38 M_132~M_136     -13.3672
9 35 39 M_133~M_137     -12.9270
9 36 40 M_134~M_138     -24.9017
9 37 41 M_135~M_139     -22.9203
9 38 42 M_136~M_140     -13.4207
9 39 43 M_137~M_141     -13.2119
9 40 44 M_138~M_142     -15.5171
9 41 45 M_139~M_143     -3.3420
9 42 46 M_140~M_144     -2.4764
9 43 47 M_141~M_145     -3.0338
9 44 48 M_142~M_146     -5.6250
9 45 49 M_143~M_147     -3.1491
9 46 50 M_144~M_148     -3.1491
9 47 51 M_145~M_149     -5.8180
9 48 52 M_146~M_150     -6.5777
9 49 53 M_147~M_151     -3.9860
9 50 54 M_148~M_152     -4.0881
9 51 55 M_149~M_153     -6.7070
9 52 56 M_150~M_154     -4.0699
9 53 57 M_151~M_155     -2.7529
9 54 58 M_152~M_156     -3.6518
9 55 59 M_153~M_157     -3.5984
